0 0
0.002 0
0.004 0
0.006 0
0.008 0
0.01 0
0.012 0
0.014 0
0.016 0
0.018 0
0.02 0
0.022 0
0.024 0
0.026 0
0.028 0
0.03 0
0.032 0
0.034 0
0.036 0
0.038 0
0.04 0
0.042 0
0.044 0
0.046 0
0.048 0
0.05 0
0.052 0
0.054 0
0.056 0
0.058 0
0.06 0
0.062 0
0.064 0
0.066 0
0.068 0
0.07 0
0.072 0
0.074 0
0.076 0
0.078 0
0.08 0
0.082 0
0.084 0
0.086 0
0.088 0
0.09 0
0.092 0
0.094 0
0.096 0
0.098 0
0.1 0
0.102 0
0.104 0
0.106 0
0.108 0
0.11 0
0.112 0
0.114 0
0.116 0
0.118 0
0.12 0
0.122 0
0.124 0
0.126 0
0.128 0
0.13 0
0.132 0
0.134 0
0.136 0
0.138 0
0.14 0
0.142 0
0.144 0
0.146 0
0.148 0
0.15 0
0.152 0
0.154 0
0.156 0
0.158 0
0.16 0
0.162 0
0.164 0
0.166 0
0.168 0
0.17 0
0.172 0
0.174 0
0.176 0
0.178 0
0.18 0
0.182 0
0.184 0
0.186 0
0.188 0
0.19 0
0.192 0
0.194 0
0.196 0
0.198 0
0.2 0
0.202 0
0.204 0
0.206 0
0.208 0
0.21 0
0.212 0
0.214 0
0.216 0
0.218 0
0.22 0
0.222 0
0.224 0
0.226 0
0.228 0
0.23 0
0.232 0
0.234 0
0.236 0
0.238 0
0.24 0
0.242 0
0.244 0
0.246 0
0.248 0
0.25 0
0.252 0
0.254 0
0.256 0
0.258 0
0.26 0
0.262 0.000257781
0.264 0.00126945
0.266 0.00175061
0.268 0.00665192
0.27 0.00922381
0.272 0.0196127
0.274 0.0372399
0.276 0.061093
0.278 0.100514
0.28 0.135422
0.282 0.200484
0.284 0.260636
0.286 0.343757
0.288 0.397236
0.29 0.513811
0.292 0.587736
0.294 0.705668
0.296 0.791087
0.298 0.880731
0.3 0.972643
0.302 1.0481
0.304 1.08699
0.306 1.15919
0.308 1.21544
0.31 1.28488
0.312 1.32353
0.314 1.38426
0.316 1.41803
0.318 1.46567
0.32 1.47834
0.322 1.50048
0.324 1.53831
0.326 1.55796
0.328 1.61353
0.33 1.60605
0.332 1.6197
0.334 1.67377
0.336 1.69246
0.338 1.69201
0.34 1.73753
0.342 1.77475
0.344 1.76853
0.346 1.78039
0.348 1.8301
0.35 1.8793
0.352 1.87799
0.354 1.90584
0.356 1.95317
0.358 1.99354
0.36 2.01882
0.362 2.04685
0.364 2.08475
0.366 2.1516
0.368 2.18224
0.37 2.20601
0.372 2.25384
0.374 2.30545
0.376 2.35148
0.378 2.44863
0.38 2.45293
0.382 2.51123
0.384 2.55151
0.386 2.61918
0.388 2.67442
0.39 2.72967
0.392 2.76905
0.394 2.83001
0.396 2.94964
0.398 2.97548
0.4 3.03395
0.402 3.10248
0.404 3.16118
0.406 3.25545
0.408 3.34049
0.41 3.37566
0.412 3.47776
0.414 3.52694
0.416 3.61466
0.418 3.67932
0.42 3.76204
0.422 3.86036
0.424 3.92287
0.426 3.98179
0.428 4.08214
0.43 4.13428
0.432 4.18866
0.434 4.30664
0.436 4.37899
0.438 4.43395
0.44 4.52761
0.442 4.5689
0.444 4.62433
0.446 4.69021
0.448 4.76703
0.45 4.85809
0.452 4.92222
0.454 4.96492
0.456 5.04996
0.458 5.09375
0.46 5.07081
0.462 5.17805
0.464 5.20986
0.466 5.24166
0.468 5.28349
0.47 5.35261
0.472 5.35836
0.474 5.42621
0.476 5.34912
0.478 5.4549
0.48 5.47331
0.482 5.4477
0.484 5.47654
0.486 5.48658
0.488 5.46733
0.49 5.50363
0.492 5.46303
0.494 5.49659
0.496 5.45088
0.498 5.46823
0.5 5.45649
0.502 5.43888
0.504 5.45519
0.506 5.39297
0.508 5.36219
0.51 5.33501
0.512 5.32217
0.514 5.25887
0.516 5.23991
0.518 5.21831
0.52 5.15144
0.522 5.1283
0.524 5.09724
0.526 5.03057
0.528 5.00943
0.53 4.91889
0.532 4.86798
0.534 4.83792
0.536 4.75856
0.538 4.71611
0.54 4.63437
0.542 4.60341
0.544 4.54699
0.546 4.48113
0.548 4.40271
0.55 4.3543
0.552 4.29632
0.554 4.19543
0.556 4.15361
0.558 4.10431
0.56 4.00128
0.562 3.97821
0.564 3.87639
0.566 3.80134
0.568 3.74558
0.57 3.69774
0.572 3.63813
0.574 3.55521
0.576 3.50415
0.578 3.43591
0.58 3.37639
0.582 3.31683
0.584 3.24489
0.586 3.18042
0.588 3.09512
0.59 3.0761
0.592 3.0081
0.594 2.94902
0.596 2.90424
0.598 2.82146
0.6 2.80114
0.602 2.75465
0.604 2.69731
0.606 2.643
0.608 2.60101
0.61 2.57542
0.612 2.52302
0.614 2.47256
0.616 2.44721
0.618 2.38056
0.62 2.33727
0.622 2.30195
0.624 2.29612
0.626 2.24022
0.628 2.19575
0.63 2.15653
0.632 2.14681
0.634 2.11146
0.636 2.05681
0.638 2.0553
0.64 2.01336
0.642 1.97475
0.644 1.95858
0.646 1.94382
0.648 1.89949
0.65 1.88288
0.652 1.84918
0.654 1.83261
0.656 1.81484
0.658 1.77822
0.66 1.75969
0.662 1.74303
0.664 1.71288
0.666 1.71577
0.668 1.67356
0.67 1.66242
0.672 1.64616
0.674 1.63728
0.676 1.62371
0.678 1.60224
0.68 1.58041
0.682 1.5609
0.684 1.54968
0.686 1.54656
0.688 1.53516
0.69 1.51506
0.692 1.50742
0.694 1.49958
0.696 1.48058
0.698 1.46446
0.7 1.47065
0.702 1.46625
0.704 1.45389
0.706 1.44087
0.708 1.44772
0.71 1.42623
0.712 1.42249
0.714 1.42092
0.716 1.40492
0.718 1.39864
0.72 1.40356
0.722 1.39241
0.724 1.38545
0.726 1.37376
0.728 1.3857
0.73 1.37901
0.732 1.37227
0.734 1.38435
0.736 1.38183
0.738 1.36317
0.74 1.36348
0.742 1.37336
0.744 1.36538
0.746 1.36739
0.748 1.371
0.75 1.38077
0.752 1.37335
0.754 1.37132
0.756 1.36545
0.758 1.37004
0.76 1.38041
0.762 1.37743
0.764 1.39384
0.766 1.38674
0.768 1.38494
0.77 1.39024
0.772 1.39764
0.774 1.39626
0.776 1.39516
0.778 1.4044
0.78 1.41157
0.782 1.41211
0.784 1.41976
0.786 1.43043
0.788 1.43727
0.79 1.43994
0.792 1.45195
0.794 1.45881
0.796 1.45684
0.798 1.46297
0.8 1.47845
0.802 1.47635
0.804 1.4882
0.806 1.49894
0.808 1.50135
0.81 1.51383
0.812 1.51749
0.814 1.52035
0.816 1.53136
0.818 1.55143
0.82 1.55695
0.822 1.55065
0.824 1.56446
0.826 1.57459
0.828 1.57484
0.83 1.5799
0.832 1.60155
0.834 1.60235
0.836 1.61814
0.838 1.60587
0.84 1.62856
0.842 1.62206
0.844 1.64246
0.846 1.63456
0.848 1.64509
0.85 1.65568
0.852 1.67171
0.854 1.66766
0.856 1.67569
0.858 1.68318
0.86 1.69484
0.862 1.69944
0.864 1.70701
0.866 1.71425
0.868 1.71584
0.87 1.72495
0.872 1.73336
0.874 1.74124
0.876 1.74625
0.878 1.75699
0.88 1.74646
0.882 1.75776
0.884 1.7575
0.886 1.75422
0.888 1.76538
0.89 1.76617
0.892 1.76348
0.894 1.77159
0.896 1.77657
0.898 1.78125
0.9 1.78981
0.902 1.77742
0.904 1.78221
0.906 1.77609
0.908 1.78304
0.91 1.77745
0.912 1.78323
0.914 1.78088
0.916 1.79395
0.918 1.79213
0.92 1.7853
0.922 1.77137
0.924 1.76338
0.926 1.78006
0.928 1.76866
0.93 1.77574
0.932 1.7628
0.934 1.76594
0.936 1.76178
0.938 1.74935
0.94 1.75681
0.942 1.76736
0.944 1.74637
0.946 1.73681
0.948 1.73519
0.95 1.73179
0.952 1.7238
0.954 1.73186
0.956 1.71367
0.958 1.71182
0.96 1.71238
0.962 1.70652
0.964 1.69504
0.966 1.68527
0.968 1.68487
0.97 1.68415
0.972 1.67173
0.974 1.65735
0.976 1.65595
0.978 1.65193
0.98 1.62988
0.982 1.63056
0.984 1.62361
0.986 1.6161
0.988 1.59796
0.99 1.6017
0.992 1.59893
0.994 1.58066
0.996 1.56591
0.998 1.55636
1 1.53592
1.002 1.53803
1.004 1.53396
1.006 1.52642
1.008 1.51811
1.01 1.49965
1.012 1.50066
1.014 1.47868
1.016 1.47762
1.018 1.46068
1.02 1.46329
1.022 1.452
1.024 1.43729
1.026 1.43606
1.028 1.41946
1.03 1.40499
1.032 1.39878
1.034 1.39247
1.036 1.38392
1.038 1.36222
1.04 1.36244
1.042 1.35404
1.044 1.34485
1.046 1.32199
1.048 1.3191
1.05 1.31402
1.052 1.30189
1.054 1.29253
1.056 1.27957
1.058 1.27705
1.06 1.26232
1.062 1.25304
1.064 1.24797
1.066 1.24171
1.068 1.23182
1.07 1.22331
1.072 1.20392
1.074 1.2066
1.076 1.19497
1.078 1.19181
1.08 1.17871
1.082 1.16227
1.084 1.16111
1.086 1.14686
1.088 1.14572
1.09 1.13565
1.092 1.12855
1.094 1.12532
1.096 1.1176
1.098 1.1034
1.1 1.09975
1.102 1.08714
1.104 1.08495
1.106 1.07782
1.108 1.07831
1.11 1.06612
1.112 1.05014
1.114 1.0525
1.116 1.04712
1.118 1.042
1.12 1.03659
1.122 1.02988
1.124 1.0235
1.126 1.01841
1.128 1.0142
1.13 1.0057
1.132 0.998371
1.134 0.997668
1.136 0.991422
1.138 0.980914
1.14 0.982487
1.142 0.985067
1.144 0.97777
1.146 0.966338
1.148 0.958715
1.15 0.965569
1.152 0.959974
1.154 0.955586
1.156 0.959243
1.158 0.952276
1.16 0.942266
1.162 0.941079
1.164 0.940999
1.166 0.937092
1.168 0.932965
1.17 0.93988
1.172 0.936982
1.174 0.933488
1.176 0.928124
1.178 0.927464
1.18 0.924419
1.182 0.927296
1.184 0.921306
1.186 0.928339
1.188 0.93056
1.19 0.924894
1.192 0.916675
1.194 0.923233
1.196 0.920963
1.198 0.91813
1.2 0.922185
1.202 0.920884
1.204 0.922132
1.206 0.922118
1.208 0.921814
1.21 0.920713
1.212 0.9165
1.214 0.917634
1.216 0.922614
1.218 0.924926
1.22 0.924273
1.222 0.927203
1.224 0.922627
1.226 0.926804
1.228 0.932584
1.23 0.929707
1.232 0.931943
1.234 0.934526
1.236 0.93489
1.238 0.934121
1.24 0.940561
1.242 0.939767
1.244 0.944375
1.246 0.943049
1.248 0.942085
1.25 0.949948
1.252 0.944418
1.254 0.956971
1.256 0.950804
1.258 0.96138
1.26 0.958971
1.262 0.956977
1.264 0.958083
1.266 0.963591
1.268 0.963207
1.27 0.976255
1.272 0.973854
1.274 0.970713
1.276 0.977367
1.278 0.980208
1.28 0.979314
1.282 0.984806
1.284 0.98717
1.286 0.991409
1.288 0.992538
1.29 0.992386
1.292 0.996965
1.294 1.00453
1.296 1.00305
1.298 1.01205
1.3 1.01318
1.302 1.01549
1.304 1.01442
1.306 1.01376
1.308 1.02175
1.31 1.02399
1.312 1.02459
1.314 1.0362
1.316 1.02961
1.318 1.0342
1.32 1.04138
1.322 1.04039
1.324 1.03765
1.326 1.04828
1.328 1.05353
1.33 1.05094
1.332 1.05575
1.334 1.06069
1.336 1.05928
1.338 1.06049
1.34 1.06286
1.342 1.06797
1.344 1.06989
1.346 1.06881
1.348 1.07381
1.35 1.07102
1.352 1.07318
1.354 1.07893
1.356 1.08127
1.358 1.08348
1.36 1.08317
1.362 1.08522
1.364 1.0831
1.366 1.08917
1.368 1.08816
1.37 1.09663
1.372 1.09916
1.374 1.09615
1.376 1.09164
1.378 1.10853
1.38 1.10332
1.382 1.10851
1.384 1.10752
1.386 1.10949
1.388 1.11194
1.39 1.11521
1.392 1.11154
1.394 1.12493
1.396 1.12064
1.398 1.12388
1.4 1.12829
1.402 1.1295
1.404 1.1296
1.406 1.14123
1.408 1.13288
1.41 1.13677
1.412 1.14257
1.414 1.14781
1.416 1.14943
1.418 1.15247
1.42 1.15091
1.422 1.15533
1.424 1.16432
1.426 1.16263
1.428 1.1738
1.43 1.17323
1.432 1.17888
1.434 1.18044
1.436 1.18309
1.438 1.1891
1.44 1.19518
1.442 1.19667
1.444 1.19934
1.446 1.20442
1.448 1.20583
1.45 1.20757
1.452 1.21447
1.454 1.21998
1.456 1.22128
1.458 1.22995
1.46 1.22229
1.462 1.23042
1.464 1.2289
1.466 1.24045
1.468 1.22895
1.47 1.23885
1.472 1.23836
1.474 1.23893
1.476 1.24988
1.478 1.24121
1.48 1.24549
1.482 1.2447
1.484 1.24751
1.486 1.25031
1.488 1.24497
1.49 1.25026
1.492 1.24885
1.494 1.24321
1.496 1.24825
1.498 1.24416
1.5 1.24768
1.502 1.24404
1.504 1.24767
1.506 1.2469
1.508 1.24374
1.51 1.24357
1.512 1.25092
1.514 1.24944
1.516 1.24854
1.518 1.25473
1.52 1.25232
1.522 1.24848
1.524 1.25117
1.526 1.24904
1.528 1.25846
1.53 1.26067
1.532 1.26091
1.534 1.26326
1.536 1.26638
1.538 1.27193
1.54 1.27354
1.542 1.27874
1.544 1.28334
1.546 1.28272
1.548 1.28082
1.55 1.28397
1.552 1.28939
1.554 1.28797
1.556 1.29399
1.558 1.29534
1.56 1.28957
1.562 1.29855
1.564 1.29797
1.566 1.29735
1.568 1.29413
1.57 1.29564
1.572 1.29407
1.574 1.29638
1.576 1.28973
1.578 1.30104
1.58 1.29748
1.582 1.29539
1.584 1.29919
1.586 1.30832
1.588 1.30475
1.59 1.30796
1.592 1.31418
1.594 1.32064
1.596 1.33105
1.598 1.34528
1.6 1.35039
1.602 1.36864
1.604 1.38557
1.606 1.40337
1.608 1.42278
1.61 1.44407
1.612 1.46875
1.614 1.49257
1.616 1.52095
1.618 1.53335
1.62 1.55127
1.622 1.56664
1.624 1.5826
1.626 1.58688
1.628 1.58723
1.63 1.58503
1.632 1.57427
1.634 1.56008
1.636 1.54341
1.638 1.52512
1.64 1.49149
1.642 1.46647
1.644 1.4321
1.646 1.40236
1.648 1.37358
1.65 1.34741
1.652 1.31891
1.654 1.2985
1.656 1.27293
1.658 1.25597
1.66 1.24357
1.662 1.22777
1.664 1.2225
1.666 1.21919
1.668 1.2111
1.67 1.20124
1.672 1.20457
1.674 1.20469
1.676 1.20398
1.678 1.2002
1.68 1.19558
1.682 1.1947
1.684 1.20216
1.686 1.1991
1.688 1.19627
1.69 1.20199
1.692 1.20157
1.694 1.20163
1.696 1.20224
1.698 1.19847
1.7 1.20133
1.702 1.19798
1.704 1.19904
1.706 1.19743
1.708 1.20104
1.71 1.19785
1.712 1.1998
1.714 1.19531
1.716 1.19523
1.718 1.19224
1.72 1.19019
1.722 1.1898
1.724 1.18626
1.726 1.18387
1.728 1.18729
1.73 1.18392
1.732 1.18186
1.734 1.1806
1.736 1.17839
1.738 1.17391
1.74 1.17565
1.742 1.17488
1.744 1.17799
1.746 1.17666
1.748 1.17074
1.75 1.17231
1.752 1.17025
1.754 1.16706
1.756 1.16793
1.758 1.17234
1.76 1.16718
1.762 1.16539
1.764 1.16641
1.766 1.16453
1.768 1.16468
1.77 1.16564
1.772 1.16424
1.774 1.16393
1.776 1.16751
1.778 1.16312
1.78 1.16488
1.782 1.16836
1.784 1.1666
1.786 1.1641
1.788 1.16759
1.79 1.16403
1.792 1.16427
1.794 1.16558
1.796 1.16343
1.798 1.16197
1.8 1.15934
1.802 1.15577
1.804 1.15621
1.806 1.15735
1.808 1.15829
1.81 1.15883
1.812 1.1582
1.814 1.15197
1.816 1.15513
1.818 1.15285
1.82 1.14877
1.822 1.15025
1.824 1.14937
1.826 1.14955
1.828 1.13852
1.83 1.14708
1.832 1.13647
1.834 1.13596
1.836 1.1354
1.838 1.13261
1.84 1.12636
1.842 1.1262
1.844 1.12566
1.846 1.12382
1.848 1.12614
1.85 1.11756
1.852 1.11478
1.854 1.11374
1.856 1.11479
1.858 1.11135
1.86 1.1137
1.862 1.10442
1.864 1.10563
1.866 1.1033
1.868 1.10017
1.87 1.09922
1.872 1.09939
1.874 1.09668
1.876 1.09645
1.878 1.09428
1.88 1.09726
1.882 1.09287
1.884 1.09063
1.886 1.08846
1.888 1.08511
1.89 1.084
1.892 1.08311
1.894 1.08418
1.896 1.07689
1.898 1.07914
1.9 1.08187
1.902 1.07553
1.904 1.07692
1.906 1.07119
1.908 1.07033

