0 0
0.002 0
0.004 0
0.006 0
0.008 0
0.01 0
0.012 0
0.014 0
0.016 0
0.018 0
0.02 0
0.022 0
0.024 0
0.026 0
0.028 0
0.03 0
0.032 0
0.034 0
0.036 0
0.038 0
0.04 0
0.042 0
0.044 0
0.046 0
0.048 0
0.05 0
0.052 0
0.054 0
0.056 0
0.058 0
0.06 0
0.062 0
0.064 0
0.066 0
0.068 0
0.07 0
0.072 0
0.074 0
0.076 0
0.078 0
0.08 0
0.082 0
0.084 0
0.086 0
0.088 0
0.09 0
0.092 0
0.094 0
0.096 0
0.098 0
0.1 0
0.102 0
0.104 0
0.106 0
0.108 0
0.11 0
0.112 0
0.114 0
0.116 0
0.118 0
0.12 0
0.122 0
0.124 0
0.126 0
0.128 0
0.13 0
0.132 0
0.134 0
0.136 0
0.138 0
0.14 0
0.142 0
0.144 0
0.146 0
0.148 0
0.15 0
0.152 0
0.154 0
0.156 0
0.158 0
0.16 0
0.162 0
0.164 0
0.166 0
0.168 0
0.17 0
0.172 0
0.174 0
0.176 0
0.178 0
0.18 0
0.182 0
0.184 0
0.186 0
0.188 0
0.19 0
0.192 0
0.194 0
0.196 0
0.198 0
0.2 0
0.202 0
0.204 0
0.206 0
0.208 0
0.21 0
0.212 0
0.214 0
0.216 0
0.218 0
0.22 0
0.222 0
0.224 0
0.226 0
0.228 0
0.23 0
0.232 0
0.234 0
0.236 0
0.238 0
0.24 0
0.242 0
0.244 0
0.246 0
0.248 0
0.25 0
0.252 0
0.254 0
0.256 0
0.258 0
0.26 0
0.262 0
0.264 0
0.266 0
0.268 0
0.27 0
0.272 0
0.274 0
0.276 0
0.278 0
0.28 0
0.282 0
0.284 0
0.286 0
0.288 0
0.29 0
0.292 0
0.294 0
0.296 0
0.298 0
0.3 0
0.302 0
0.304 0
0.306 0
0.308 0
0.31 0
0.312 0
0.314 0
0.316 0
0.318 0
0.32 0
0.322 0.000205011
0.324 0.000337477
0.326 0.000800041
0.328 0.00164649
0.33 0.0033833
0.332 0.00970675
0.334 0.0164502
0.336 0.0261084
0.338 0.0390727
0.34 0.0539989
0.342 0.075904
0.344 0.101489
0.346 0.127723
0.348 0.156331
0.35 0.200706
0.352 0.266709
0.354 0.313461
0.356 0.373738
0.358 0.430332
0.36 0.506475
0.362 0.592607
0.364 0.671344
0.366 0.74284
0.368 0.821273
0.37 0.918982
0.372 1.01655
0.374 1.10823
0.376 1.17723
0.378 1.28004
0.38 1.38293
0.382 1.50202
0.384 1.60823
0.386 1.68009
0.388 1.80689
0.39 1.90296
0.392 2.02932
0.394 2.15029
0.396 2.26746
0.398 2.38523
0.4 2.53964
0.402 2.67082
0.404 2.82934
0.406 2.93582
0.408 3.08805
0.41 3.27025
0.412 3.41023
0.414 3.5679
0.416 3.69365
0.418 3.85951
0.42 4.06269
0.422 4.24168
0.424 4.36114
0.426 4.51884
0.428 4.68721
0.43 4.84065
0.432 5.01814
0.434 5.1615
0.436 5.3026
0.438 5.42958
0.44 5.58763
0.442 5.71581
0.444 5.86565
0.446 5.98998
0.448 6.12538
0.45 6.24008
0.452 6.37473
0.454 6.48191
0.456 6.58559
0.458 6.66499
0.46 6.80885
0.462 6.89098
0.464 6.98354
0.466 7.07522
0.468 7.12836
0.47 7.21954
0.472 7.3252
0.474 7.36312
0.476 7.42298
0.478 7.47659
0.48 7.52749
0.482 7.56565
0.484 7.57979
0.486 7.61083
0.488 7.60492
0.49 7.60108
0.492 7.62189
0.494 7.63473
0.496 7.57753
0.498 7.5909
0.5 7.56066
0.502 7.50795
0.504 7.47443
0.506 7.41971
0.508 7.34723
0.51 7.26131
0.512 7.1855
0.514 7.07599
0.516 7.01294
0.518 6.90835
0.52 6.78859
0.522 6.67215
0.524 6.58452
0.526 6.47031
0.528 6.35065
0.53 6.22563
0.532 6.10167
0.534 5.98126
0.536 5.86464
0.538 5.73193
0.54 5.65171
0.542 5.46882
0.544 5.36722
0.546 5.2216
0.548 5.09029
0.55 4.97552
0.552 4.8461
0.554 4.73533
0.556 4.61622
0.558 4.49203
0.56 4.38439
0.562 4.24051
0.564 4.12609
0.566 4.04519
0.568 3.93765
0.57 3.8336
0.572 3.7357
0.574 3.62866
0.576 3.53233
0.578 3.4602
0.58 3.35339
0.582 3.24949
0.584 3.16308
0.586 3.08678
0.588 3.02579
0.59 2.9361
0.592 2.83957
0.594 2.77805
0.596 2.69581
0.598 2.64586
0.6 2.56158
0.602 2.50426
0.604 2.46471
0.606 2.38307
0.608 2.34326
0.61 2.27575
0.612 2.21729
0.614 2.15875
0.616 2.11026
0.618 2.07357
0.62 2.02571
0.622 1.96673
0.624 1.93054
0.626 1.89799
0.628 1.851
0.63 1.80806
0.632 1.76333
0.634 1.73779
0.636 1.69444
0.638 1.66811
0.64 1.63989
0.642 1.5977
0.644 1.57557
0.646 1.55051
0.648 1.5168
0.65 1.4929
0.652 1.46612
0.654 1.44072
0.656 1.41887
0.658 1.40321
0.66 1.36444
0.662 1.35148
0.664 1.32954
0.666 1.31454
0.668 1.28885
0.67 1.26858
0.672 1.25293
0.674 1.23013
0.676 1.21346
0.678 1.20912
0.68 1.19124
0.682 1.19288
0.684 1.16651
0.686 1.16195
0.688 1.14902
0.69 1.13779
0.692 1.12242
0.694 1.11298
0.696 1.1074
0.698 1.09431
0.7 1.08606
0.702 1.08266
0.704 1.08302
0.706 1.07994
0.708 1.06312
0.71 1.0696
0.712 1.06272
0.714 1.05985
0.716 1.0638
0.718 1.05874
0.72 1.06301
0.722 1.05582
0.724 1.05842
0.726 1.06973
0.728 1.06237
0.73 1.06948
0.732 1.07197
0.734 1.06881
0.736 1.08225
0.738 1.07853
0.74 1.0835
0.742 1.09683
0.744 1.09535
0.746 1.10572
0.748 1.11309
0.75 1.12536
0.752 1.13369
0.754 1.13594
0.756 1.15132
0.758 1.1585
0.76 1.16457
0.762 1.17435
0.764 1.18831
0.766 1.2094
0.768 1.21225
0.77 1.22226
0.772 1.23804
0.774 1.24875
0.776 1.26498
0.778 1.27616
0.78 1.29014
0.782 1.30912
0.784 1.32363
0.786 1.34057
0.788 1.34933
0.79 1.36894
0.792 1.3859
0.794 1.40004
0.796 1.40911
0.798 1.42947
0.8 1.4498
0.802 1.47334
0.804 1.49305
0.806 1.50807
0.808 1.5291
0.81 1.54624
0.812 1.56613
0.814 1.58829
0.816 1.61228
0.818 1.62427
0.82 1.64704
0.822 1.65303
0.824 1.67491
0.826 1.70007
0.828 1.70733
0.83 1.72787
0.832 1.74383
0.834 1.7664
0.836 1.7709
0.838 1.79126
0.84 1.82155
0.842 1.83482
0.844 1.84526
0.846 1.86243
0.848 1.88608
0.85 1.89967
0.852 1.91751
0.854 1.92776
0.856 1.94814
0.858 1.95969
0.86 1.97813
0.862 1.9919
0.864 1.99554
0.866 2.01532
0.868 2.03027
0.87 2.03915
0.872 2.04892
0.874 2.06076
0.876 2.06817
0.878 2.08549
0.88 2.09702
0.882 2.10728
0.884 2.11263
0.886 2.11131
0.888 2.12368
0.89 2.12608
0.892 2.13139
0.894 2.13688
0.896 2.13659
0.898 2.14491
0.9 2.1505
0.902 2.15525
0.904 2.15021
0.906 2.15034
0.908 2.14351
0.91 2.14382
0.912 2.15625
0.914 2.14645
0.916 2.14105
0.918 2.13787
0.92 2.14047
0.922 2.13105
0.924 2.12761
0.926 2.11708
0.928 2.10688
0.93 2.10181
0.932 2.10998
0.934 2.09551
0.936 2.09238
0.938 2.07792
0.94 2.07443
0.942 2.0643
0.944 2.04438
0.946 2.04077
0.948 2.02759
0.95 2.01163
0.952 2.00849
0.954 2.00312
0.956 1.98714
0.958 1.97532
0.96 1.95056
0.962 1.94456
0.964 1.92418
0.966 1.91984
0.968 1.90208
0.97 1.88843
0.972 1.87876
0.974 1.8698
0.976 1.83871
0.978 1.83714
0.98 1.81996
0.982 1.80851
0.984 1.79137
0.986 1.77635
0.988 1.75871
0.99 1.74628
0.992 1.73446
0.994 1.71139
0.996 1.69815
0.998 1.6787
1 1.66328
1.002 1.65746
1.004 1.64027
1.006 1.61639
1.008 1.60341
1.01 1.58277
1.012 1.56985
1.014 1.55001
1.016 1.54078
1.018 1.52197
1.02 1.51093
1.022 1.49578
1.024 1.47551
1.026 1.46469
1.028 1.44967
1.03 1.43078
1.032 1.41718
1.034 1.39932
1.036 1.38557
1.038 1.36965
1.04 1.35296
1.042 1.34495
1.044 1.3265
1.046 1.3088
1.048 1.29859
1.05 1.27893
1.052 1.26786
1.054 1.25854
1.056 1.24369
1.058 1.22704
1.06 1.21837
1.062 1.21088
1.064 1.19337
1.066 1.18002
1.068 1.17087
1.07 1.15644
1.072 1.14728
1.074 1.13403
1.076 1.12563
1.078 1.1086
1.08 1.1047
1.082 1.09542
1.084 1.08734
1.086 1.07731
1.088 1.06329
1.09 1.05738
1.092 1.04775
1.094 1.04416
1.096 1.04276
1.098 1.02527
1.1 1.02224
1.102 1.01277
1.104 1.00855
1.106 0.998119
1.108 0.993022
1.11 0.98843
1.112 0.983259
1.114 0.974512
1.116 0.975329
1.118 0.965441
1.12 0.966418
1.122 0.958348
1.124 0.952629
1.126 0.954198
1.128 0.94882
1.13 0.947972
1.132 0.947568
1.134 0.943438
1.136 0.941587
1.138 0.934143
1.14 0.939459
1.142 0.932398
1.144 0.935388
1.146 0.930793
1.148 0.933685
1.15 0.931001
1.152 0.926159
1.154 0.929308
1.156 0.928363
1.158 0.93101
1.16 0.930756
1.162 0.932149
1.164 0.938751
1.166 0.939565
1.168 0.942279
1.17 0.948453
1.172 0.949993
1.174 0.95201
1.176 0.960468
1.178 0.964431
1.18 0.968022
1.182 0.975383
1.184 0.979058
1.186 0.988415
1.188 0.994577
1.19 1.00577
1.192 1.00647
1.194 1.02012
1.196 1.03093
1.198 1.03621
1.2 1.04583
1.202 1.05402
1.204 1.06839
1.206 1.07196
1.208 1.0887
1.21 1.09855
1.212 1.11219
1.214 1.11767
1.216 1.13304
1.218 1.14234
1.22 1.15881
1.222 1.16857
1.224 1.18158
1.226 1.19338
1.228 1.20608
1.23 1.21916
1.232 1.23013
1.234 1.24053
1.236 1.25138
1.238 1.26782
1.24 1.27195
1.242 1.28266
1.244 1.29421
1.246 1.30947
1.248 1.31941
1.25 1.32545
1.252 1.34014
1.254 1.34325
1.256 1.35038
1.258 1.36534
1.26 1.37807
1.262 1.38121
1.264 1.38187
1.266 1.39883
1.268 1.40136
1.27 1.41098
1.272 1.42016
1.274 1.42343
1.276 1.43281
1.278 1.43451
1.28 1.44248
1.282 1.45114
1.284 1.45472
1.286 1.4581
1.288 1.47096
1.29 1.47195
1.292 1.47716
1.294 1.481
1.296 1.49507
1.298 1.50188
1.3 1.50606
1.302 1.51711
1.304 1.52694
1.306 1.53176
1.308 1.53933
1.31 1.54771
1.312 1.55443
1.314 1.56899
1.316 1.56849
1.318 1.5786
1.32 1.58869
1.322 1.59931
1.324 1.60599
1.326 1.60862
1.328 1.62308
1.33 1.63117
1.332 1.64252
1.334 1.64822
1.336 1.65795
1.338 1.66687
1.34 1.67659
1.342 1.69088
1.344 1.70039
1.346 1.70881
1.348 1.71719
1.35 1.71755
1.352 1.72928
1.354 1.73945
1.356 1.75075
1.358 1.76121
1.36 1.76381
1.362 1.77639
1.364 1.78757
1.366 1.79347
1.368 1.80621
1.37 1.82674
1.372 1.84428
1.374 1.85839
1.376 1.87518
1.378 1.90832
1.38 1.93149
1.382 1.9723
1.384 2.00207
1.386 2.0408
1.388 2.07524
1.39 2.11522
1.392 2.1581
1.394 2.18328
1.396 2.21015
1.398 2.22316
1.4 2.23961
1.402 2.23143
1.404 2.21533
1.406 2.19509
1.408 2.15615
1.41 2.10786
1.412 2.05713
1.414 2.00371
1.416 1.93947
1.418 1.87202
1.42 1.81324
1.422 1.75382
1.424 1.70748
1.426 1.66299
1.428 1.62317
1.43 1.58842
1.432 1.55739
1.434 1.5354
1.436 1.51534
1.438 1.50298
1.44 1.49264
1.442 1.48773
1.444 1.47864
1.446 1.47536
1.448 1.47092
1.45 1.47084
1.452 1.46762
1.454 1.46686
1.456 1.46502
1.458 1.45901
1.46 1.45523
1.462 1.45448
1.464 1.45285
1.466 1.44666
1.468 1.44832
1.47 1.44441
1.472 1.44155
1.474 1.44085
1.476 1.43604
1.478 1.43139
1.48 1.42208
1.482 1.41891
1.484 1.41724
1.486 1.40699
1.488 1.39804
1.49 1.3964
1.492 1.39149
1.494 1.38214
1.496 1.37569
1.498 1.37536
1.5 1.36948
1.502 1.35929
1.504 1.3554
1.506 1.35315
1.508 1.34973
1.51 1.34731
1.512 1.33775
1.514 1.33918
1.516 1.33679
1.518 1.33169
1.52 1.3321
1.522 1.32675
1.524 1.32717
1.526 1.32576
1.528 1.32349
1.53 1.32045
1.532 1.31581
1.534 1.31185
1.536 1.31437
1.538 1.30648
1.54 1.31092
1.542 1.30629
1.544 1.30369
1.546 1.30368
1.548 1.30586
1.55 1.30107
1.552 1.30079
1.554 1.30079
1.556 1.29921
1.558 1.29712
1.56 1.29573
1.562 1.29875
1.564 1.29673
1.566 1.29805
1.568 1.2942
1.57 1.29322
1.572 1.29091
1.574 1.29269
1.576 1.29131
1.578 1.29092
1.58 1.29042
1.582 1.28888
1.584 1.28872
1.586 1.2853
1.588 1.28792
1.59 1.2874
1.592 1.28914
1.594 1.28732
1.596 1.2819
1.598 1.28869
1.6 1.28342
1.602 1.28301
1.604 1.28136
1.606 1.28143
1.608 1.28039
1.61 1.28275
1.612 1.28235
1.614 1.27773
1.616 1.28189
1.618 1.27993
1.62 1.27608
1.622 1.27395
1.624 1.27753
1.626 1.27677
1.628 1.27806
1.63 1.27798
1.632 1.27529
1.634 1.27381
1.636 1.27872
1.638 1.27319
1.64 1.27694
1.642 1.27345
1.644 1.27226
1.646 1.27791
1.648 1.27164
1.65 1.27407
1.652 1.27584
1.654 1.26935
1.656 1.27333
1.658 1.2679
1.66 1.27008
1.662 1.27
1.664 1.27326
1.666 1.27088
1.668 1.26923
1.67 1.26675
1.672 1.2674
1.674 1.26718
1.676 1.26382
1.678 1.2619
1.68 1.26642
1.682 1.26182
1.684 1.26172
1.686 1.26054
1.688 1.25687
1.69 1.25656
1.692 1.25273
1.694 1.25052
1.696 1.2484
1.698 1.24951
1.7 1.24592
1.702 1.24504
1.704 1.24056
1.706 1.2378
1.708 1.23732
1.71 1.23483
1.712 1.2328
1.714 1.22901
1.716 1.22597
1.718 1.22503
1.72 1.22191
1.722 1.22019
1.724 1.2169
1.726 1.20921
1.728 1.20795
1.73 1.20637
1.732 1.2022
1.734 1.19997
1.736 1.19799
1.738 1.19333
1.74 1.19233
1.742 1.18886
1.744 1.18616
1.746 1.18408
1.748 1.17978
1.75 1.17673
1.752 1.17405
1.754 1.17073
1.756 1.16949
1.758 1.16514
1.76 1.1616
1.762 1.16243
1.764 1.15519
1.766 1.15296
1.768 1.15137
1.77 1.14752
1.772 1.14571
1.774 1.14029
1.776 1.14055
1.778 1.13543
1.78 1.1343
1.782 1.13111
1.784 1.12687
1.786 1.12606
1.788 1.1271
1.79 1.11777
1.792 1.1143
1.794 1.11251
1.796 1.11413
1.798 1.10687
1.8 1.10654
1.802 1.10418
1.804 1.10112
1.806 1.09565
1.808 1.09175
1.81 1.09109
1.812 1.08526
1.814 1.08388
1.816 1.07987
1.818 1.07822
1.82 1.07367
1.822 1.0734
1.824 1.07011
1.826 1.06631
1.828 1.06085
1.83 1.06263
1.832 1.06012
1.834 1.05476
1.836 1.05121
1.838 1.04744
1.84 1.04518
1.842 1.04175
1.844 1.03628
1.846 1.03315
1.848 1.0304
1.85 1.02923
1.852 1.02491
1.854 1.02053
1.856 1.01773
1.858 1.01609
1.86 1.01565
1.862 1.00684
1.864 1.00599
1.866 1.0019
1.868 1.0005
1.87 0.995583
1.872 0.99247
1.874 0.99027
1.876 0.984495
1.878 0.983417
1.88 0.978635
1.882 0.97575
1.884 0.97458
1.886 0.969247
1.888 0.966901
1.89 0.962581
1.892 0.956586

