0 0
0.002 0
0.004 0
0.006 0
0.008 0
0.01 0
0.012 0
0.014 0
0.016 0
0.018 0
0.02 0
0.022 0
0.024 0
0.026 0
0.028 0
0.03 0
0.032 0
0.034 0
0.036 0
0.038 0
0.04 0
0.042 0
0.044 0
0.046 0
0.048 0
0.05 0
0.052 0
0.054 0
0.056 0
0.058 0
0.06 0
0.062 0
0.064 0
0.066 0
0.068 0
0.07 0
0.072 0
0.074 0
0.076 0
0.078 0
0.08 0
0.082 0
0.084 0
0.086 0
0.088 0
0.09 0
0.092 0
0.094 0
0.096 0
0.098 0
0.1 0
0.102 0
0.104 0
0.106 0
0.108 0
0.11 0
0.112 0
0.114 0
0.116 0
0.118 0
0.12 0
0.122 0
0.124 0
0.126 0
0.128 0
0.13 0
0.132 0
0.134 0
0.136 0
0.138 0
0.14 0
0.142 0
0.144 0
0.146 0
0.148 0
0.15 0
0.152 0
0.154 0
0.156 0
0.158 0
0.16 0
0.162 0
0.164 0
0.166 0
0.168 0
0.17 0
0.172 0
0.174 0
0.176 0
0.178 0
0.18 0
0.182 0
0.184 0
0.186 0
0.188 0
0.19 0
0.192 0
0.194 0
0.196 0
0.198 0
0.2 0
0.202 0
0.204 0
0.206 0
0.208 0
0.21 0
0.212 0
0.214 0
0.216 0
0.218 0
0.22 0
0.222 0
0.224 0
0.226 0
0.228 0
0.23 0
0.232 0
0.234 0
0.236 0
0.238 0
0.24 0
0.242 0
0.244 0
0.246 0
0.248 0
0.25 0
0.252 0
0.254 0
0.256 0
0.258 0
0.26 0
0.262 0
0.264 0
0.266 0
0.268 0
0.27 0
0.272 0
0.274 0
0.276 0
0.278 0
0.28 0
0.282 0
0.284 0
0.286 0
0.288 0
0.29 0
0.292 0
0.294 0
0.296 0
0.298 0
0.3 0
0.302 0
0.304 0
0.306 0
0.308 0
0.31 0
0.312 0
0.314 0
0.316 0.000413407
0.318 0.000204107
0.32 0.000604693
0.322 0.000597206
0.324 0.00137632
0.326 0.00213635
0.328 0.00383705
0.33 0.00758134
0.332 0.0127337
0.334 0.0192421
0.336 0.0294348
0.338 0.0377596
0.34 0.0533861
0.342 0.0776452
0.344 0.107443
0.346 0.138792
0.348 0.193784
0.35 0.255265
0.352 0.30651
0.354 0.359223
0.356 0.439232
0.358 0.500046
0.36 0.591971
0.362 0.665316
0.364 0.771265
0.366 0.883507
0.368 0.939772
0.37 1.0207
0.372 1.12983
0.374 1.24777
0.376 1.33106
0.378 1.43675
0.38 1.52443
0.382 1.64769
0.384 1.73906
0.386 1.82428
0.388 1.96594
0.39 2.07502
0.392 2.18018
0.394 2.29463
0.396 2.39549
0.398 2.53631
0.4 2.70761
0.402 2.81011
0.404 2.94866
0.406 3.09804
0.408 3.23049
0.41 3.40054
0.412 3.55256
0.414 3.69462
0.416 3.85738
0.418 3.98537
0.42 4.18539
0.422 4.32726
0.424 4.44924
0.426 4.65769
0.428 4.78114
0.43 4.92149
0.432 5.09559
0.434 5.24378
0.436 5.34787
0.438 5.51318
0.44 5.65493
0.442 5.76216
0.444 5.89454
0.446 6.04255
0.448 6.1464
0.45 6.20195
0.452 6.3264
0.454 6.43394
0.456 6.57962
0.458 6.65165
0.46 6.75958
0.462 6.87796
0.464 6.91523
0.466 7.02062
0.468 6.99419
0.47 7.0558
0.472 7.17136
0.474 7.20636
0.476 7.28445
0.478 7.3197
0.48 7.35373
0.482 7.39776
0.484 7.45917
0.486 7.44294
0.488 7.43657
0.49 7.46185
0.492 7.43077
0.494 7.40114
0.496 7.38115
0.498 7.46316
0.5 7.34189
0.502 7.31246
0.504 7.27408
0.506 7.18978
0.508 7.15868
0.51 7.10717
0.512 7.01541
0.514 6.92426
0.516 6.7993
0.518 6.72041
0.52 6.6281
0.522 6.5048
0.524 6.41789
0.526 6.26231
0.528 6.1644
0.53 6.05888
0.532 6.01924
0.534 5.84868
0.536 5.70098
0.538 5.64001
0.54 5.43605
0.542 5.31357
0.544 5.26553
0.546 5.10273
0.548 4.99793
0.55 4.8696
0.552 4.769
0.554 4.63355
0.556 4.51348
0.558 4.40947
0.56 4.27753
0.562 4.19457
0.564 4.0587
0.566 3.97463
0.568 3.8949
0.57 3.7817
0.572 3.70936
0.574 3.58705
0.576 3.49435
0.578 3.4198
0.58 3.34255
0.582 3.21952
0.584 3.16028
0.586 3.08367
0.588 2.98241
0.59 2.92253
0.592 2.83507
0.594 2.77178
0.596 2.71582
0.598 2.64767
0.6 2.58248
0.602 2.52842
0.604 2.4729
0.606 2.385
0.608 2.34639
0.61 2.31484
0.612 2.24037
0.614 2.19827
0.616 2.15544
0.618 2.10246
0.62 2.05891
0.622 2.01787
0.624 1.95553
0.626 1.92258
0.628 1.88893
0.63 1.8562
0.632 1.81454
0.634 1.79196
0.636 1.7499
0.638 1.73037
0.64 1.69397
0.642 1.6585
0.644 1.62972
0.646 1.59048
0.648 1.55991
0.65 1.55232
0.652 1.51066
0.654 1.50587
0.656 1.48108
0.658 1.46351
0.66 1.42135
0.662 1.40787
0.664 1.38632
0.666 1.37328
0.668 1.35174
0.67 1.33408
0.672 1.31737
0.674 1.2913
0.676 1.29509
0.678 1.26102
0.68 1.27259
0.682 1.24641
0.684 1.24389
0.686 1.21442
0.688 1.20377
0.69 1.19574
0.692 1.19508
0.694 1.16613
0.696 1.15408
0.698 1.16573
0.7 1.13819
0.702 1.1498
0.704 1.12629
0.706 1.12847
0.708 1.12612
0.71 1.11788
0.712 1.12156
0.714 1.12317
0.716 1.11256
0.718 1.12187
0.72 1.10931
0.722 1.11082
0.724 1.11351
0.726 1.12007
0.728 1.1207
0.73 1.10407
0.732 1.10294
0.734 1.12935
0.736 1.12475
0.738 1.1205
0.74 1.13276
0.742 1.13957
0.744 1.13619
0.746 1.14716
0.748 1.14203
0.75 1.14347
0.752 1.16787
0.754 1.15936
0.756 1.18086
0.758 1.18646
0.76 1.19209
0.762 1.19426
0.764 1.21676
0.766 1.2284
0.768 1.24381
0.77 1.24212
0.772 1.24421
0.774 1.26429
0.776 1.27345
0.778 1.27972
0.78 1.30548
0.782 1.31418
0.784 1.30906
0.786 1.3422
0.788 1.34993
0.79 1.35753
0.792 1.36679
0.794 1.3895
0.796 1.41027
0.798 1.42219
0.8 1.43984
0.802 1.45318
0.804 1.47362
0.806 1.48937
0.808 1.50049
0.81 1.53217
0.812 1.54666
0.814 1.55842
0.816 1.57711
0.818 1.58548
0.82 1.6039
0.822 1.62296
0.824 1.64074
0.826 1.64361
0.828 1.6739
0.83 1.68972
0.832 1.70357
0.834 1.72019
0.836 1.73678
0.838 1.74597
0.84 1.76753
0.842 1.78582
0.844 1.79076
0.846 1.81139
0.848 1.84036
0.85 1.84371
0.852 1.86606
0.854 1.87953
0.856 1.88087
0.858 1.91082
0.86 1.91801
0.862 1.92819
0.864 1.95487
0.866 1.95767
0.868 1.975
0.87 1.98332
0.872 1.98935
0.874 2.00594
0.876 2.01408
0.878 2.02092
0.88 2.03218
0.882 2.03797
0.884 2.0531
0.886 2.047
0.888 2.07362
0.89 2.07265
0.892 2.07573
0.894 2.09154
0.896 2.08384
0.898 2.0872
0.9 2.10408
0.902 2.10419
0.904 2.10461
0.906 2.096
0.908 2.1166
0.91 2.09775
0.912 2.09885
0.914 2.11229
0.916 2.10391
0.918 2.11921
0.92 2.1049
0.922 2.11977
0.924 2.08017
0.926 2.08773
0.928 2.10225
0.93 2.0831
0.932 2.08114
0.934 2.07973
0.936 2.07226
0.938 2.06649
0.94 2.05422
0.942 2.05018
0.944 2.03357
0.946 2.04969
0.948 2.03156
0.95 2.01567
0.952 2.01218
0.954 1.99515
0.956 1.98005
0.958 1.9871
0.96 1.97426
0.962 1.95851
0.964 1.94346
0.966 1.94657
0.968 1.94037
0.97 1.92654
0.972 1.92046
0.974 1.89969
0.976 1.87268
0.978 1.87391
0.98 1.86629
0.982 1.8489
0.984 1.83344
0.986 1.83012
0.988 1.81072
0.99 1.79331
0.992 1.78486
0.994 1.78176
0.996 1.75501
0.998 1.75434
1 1.74269
1.002 1.72066
1.004 1.71184
1.006 1.68888
1.008 1.67557
1.01 1.66923
1.012 1.6494
1.014 1.64635
1.016 1.62816
1.018 1.62346
1.02 1.6019
1.022 1.59312
1.024 1.58196
1.026 1.55259
1.028 1.55266
1.03 1.53979
1.032 1.5312
1.034 1.52413
1.036 1.49669
1.038 1.479
1.04 1.47563
1.042 1.4537
1.044 1.43422
1.046 1.43305
1.048 1.41668
1.05 1.41996
1.052 1.40191
1.054 1.37854
1.056 1.3747
1.058 1.36305
1.06 1.34434
1.062 1.33287
1.064 1.32852
1.066 1.32159
1.068 1.31713
1.07 1.29522
1.072 1.29056
1.074 1.27748
1.076 1.26219
1.078 1.24865
1.08 1.24718
1.082 1.24736
1.084 1.23899
1.086 1.22988
1.088 1.21132
1.09 1.21063
1.092 1.20219
1.094 1.19647
1.096 1.1841
1.098 1.18222
1.1 1.16929
1.102 1.16665
1.104 1.15821
1.106 1.1618
1.108 1.14867
1.11 1.14195
1.112 1.13762
1.114 1.12982
1.116 1.12584
1.118 1.12715
1.12 1.12092
1.122 1.11678
1.124 1.11588
1.126 1.11347
1.128 1.10199
1.13 1.10852
1.132 1.09917
1.134 1.09492
1.136 1.09957
1.138 1.10133
1.14 1.0932
1.142 1.0831
1.144 1.08641
1.146 1.08453
1.148 1.07696
1.15 1.08348
1.152 1.08282
1.154 1.08453
1.156 1.07646
1.158 1.07478
1.16 1.08524
1.162 1.07643
1.164 1.08641
1.166 1.08616
1.168 1.08856
1.17 1.08736
1.172 1.09688
1.174 1.10255
1.176 1.09892
1.178 1.10696
1.18 1.11053
1.182 1.1145
1.184 1.1199
1.186 1.13152
1.188 1.13807
1.19 1.13739
1.192 1.14247
1.194 1.15339
1.196 1.14896
1.198 1.16516
1.2 1.17551
1.202 1.1909
1.204 1.20247
1.206 1.20642
1.208 1.20704
1.21 1.22113
1.212 1.23778
1.214 1.24869
1.216 1.24947
1.218 1.26639
1.22 1.27774
1.222 1.286
1.224 1.2979
1.226 1.31002
1.228 1.31708
1.23 1.32896
1.232 1.32648
1.234 1.35416
1.236 1.35956
1.238 1.37234
1.24 1.37644
1.242 1.38776
1.244 1.3979
1.246 1.40479
1.248 1.40858
1.25 1.41913
1.252 1.42784
1.254 1.43922
1.256 1.43012
1.258 1.44913
1.26 1.45243
1.262 1.45934
1.264 1.4669
1.266 1.48073
1.268 1.47359
1.27 1.47928
1.272 1.48827
1.274 1.49625
1.276 1.5019
1.278 1.50991
1.28 1.51325
1.282 1.50836
1.284 1.52299
1.286 1.52618
1.288 1.53433
1.29 1.54037
1.292 1.54179
1.294 1.55181
1.296 1.56156
1.298 1.56356
1.3 1.56799
1.302 1.58535
1.304 1.59079
1.306 1.59193
1.308 1.60771
1.31 1.6095
1.312 1.62594
1.314 1.62988
1.316 1.64625
1.318 1.64759
1.32 1.65733
1.322 1.66388
1.324 1.66746
1.326 1.68645
1.328 1.6983
1.33 1.70624
1.332 1.71783
1.334 1.72356
1.336 1.73375
1.338 1.74028
1.34 1.75996
1.342 1.77572
1.344 1.78323
1.346 1.78305
1.348 1.79281
1.35 1.80902
1.352 1.82388
1.354 1.8313
1.356 1.83471
1.358 1.84728
1.36 1.85521
1.362 1.86023
1.364 1.87206
1.366 1.87924
1.368 1.89964
1.37 1.91059
1.372 1.92115
1.374 1.93665
1.376 1.95972
1.378 1.97567
1.38 2.01211
1.382 2.03687
1.384 2.07723
1.386 2.11119
1.388 2.14865
1.39 2.19811
1.392 2.23569
1.394 2.27705
1.396 2.29732
1.398 2.31771
1.4 2.34243
1.402 2.32617
1.404 2.32419
1.406 2.30259
1.408 2.25696
1.41 2.20446
1.412 2.16064
1.414 2.09239
1.416 2.03311
1.418 1.9735
1.42 1.91391
1.422 1.86421
1.424 1.80558
1.426 1.77087
1.428 1.72758
1.43 1.71526
1.432 1.68159
1.434 1.66244
1.436 1.65528
1.438 1.63615
1.44 1.63593
1.442 1.62331
1.444 1.62231
1.446 1.62866
1.448 1.61897
1.45 1.60834
1.452 1.61646
1.454 1.62034
1.456 1.60873
1.458 1.60563
1.46 1.61013
1.462 1.61151
1.464 1.60849
1.466 1.61024
1.468 1.60087
1.47 1.60431
1.472 1.5951
1.474 1.59185
1.476 1.59176
1.478 1.58151
1.48 1.58289
1.482 1.57698
1.484 1.57233
1.486 1.56838
1.488 1.57041
1.49 1.55449
1.492 1.54665
1.494 1.542
1.496 1.53513
1.498 1.53244
1.5 1.52321
1.502 1.51673
1.504 1.51108
1.506 1.50418
1.508 1.49918
1.51 1.48674
1.512 1.4794
1.514 1.47255
1.516 1.47796
1.518 1.46437
1.52 1.45775
1.522 1.45523
1.524 1.45215
1.526 1.44243
1.528 1.43938
1.53 1.42901
1.532 1.42985
1.534 1.42409
1.536 1.42655
1.538 1.41482
1.54 1.42057
1.542 1.40126
1.544 1.40617
1.546 1.40269
1.548 1.39154
1.55 1.39684
1.552 1.38511
1.554 1.39353
1.556 1.38429
1.558 1.37919
1.56 1.37866
1.562 1.37599
1.564 1.3737
1.566 1.37231
1.568 1.37117
1.57 1.35945
1.572 1.3645
1.574 1.35309
1.576 1.35323
1.578 1.34975
1.58 1.34456
1.582 1.34539
1.584 1.34047
1.586 1.33809
1.588 1.332
1.59 1.32869
1.592 1.32427
1.594 1.32143
1.596 1.31383
1.598 1.31311
1.6 1.31261
1.602 1.30399
1.604 1.2951
1.606 1.29482
1.608 1.29131
1.61 1.28331
1.612 1.27683
1.614 1.27202
1.616 1.26412
1.618 1.26838
1.62 1.25812
1.622 1.25682
1.624 1.24786
1.626 1.248
1.628 1.23933
1.63 1.24253
1.632 1.23786
1.634 1.22499
1.636 1.22489
1.638 1.21932
1.64 1.22456
1.642 1.21708
1.644 1.21671
1.646 1.20674
1.648 1.20577
1.65 1.20726
1.652 1.20027
1.654 1.19562
1.656 1.20168
1.658 1.19699
1.66 1.18982
1.662 1.18989
1.664 1.19202
1.666 1.19334
1.668 1.1914
1.67 1.18406
1.672 1.17981
1.674 1.18619
1.676 1.18586
1.678 1.18365
1.68 1.18489
1.682 1.18461
1.684 1.18257
1.686 1.17967
1.688 1.17964
1.69 1.17778
1.692 1.1788
1.694 1.17448
1.696 1.17848
1.698 1.17906
1.7 1.17456
1.702 1.1686
1.704 1.16943
1.706 1.16719
1.708 1.16206
1.71 1.16648
1.712 1.15946
1.714 1.15975
1.716 1.1603
1.718 1.15333
1.72 1.1529
1.722 1.15181
1.724 1.15538
1.726 1.14009
1.728 1.14061
1.73 1.14106
1.732 1.12795
1.734 1.13312
1.736 1.12893
1.738 1.12561
1.74 1.12341
1.742 1.1187
1.744 1.11554
1.746 1.11421
1.748 1.11036
1.75 1.11351
1.752 1.10484
1.754 1.10409
1.756 1.09894
1.758 1.10518
1.76 1.10164
1.762 1.09868
1.764 1.08979
1.766 1.08987
1.768 1.08753
1.77 1.08543
1.772 1.08237
1.774 1.08327
1.776 1.07705
1.778 1.07632
1.78 1.07707
1.782 1.06868
1.784 1.07113
1.786 1.07507
1.788 1.06495
1.79 1.0678
1.792 1.06632
1.794 1.0646
1.796 1.06038
1.798 1.06261
1.8 1.06298
1.802 1.06234
1.804 1.05647
1.806 1.05881
1.808 1.06067
1.81 1.05449
1.812 1.05382
1.814 1.05391
1.816 1.04665
1.818 1.05099
1.82 1.04249
1.822 1.04674
1.824 1.04131
1.826 1.04556
1.828 1.03999
1.83 1.03789
1.832 1.03788
1.834 1.03702
1.836 1.0365
1.838 1.03032
1.84 1.02566
1.842 1.02512
1.844 1.01973
1.846 1.02066
1.848 1.01456
1.85 1.02035
1.852 1.01203
1.854 1.0139
1.856 1.01351
1.858 1.00704
1.86 1.00515
1.862 1.00037
1.864 1.00095
1.866 0.999543
1.868 0.998976
1.87 0.989538
1.872 0.987281
1.874 0.989365
1.876 0.984793
1.878 0.980679
1.88 0.979684
1.882 0.975051
1.884 0.973733
1.886 0.970486
1.888 0.96768
1.89 0.965901
1.892 0.961987
1.894 0.960611

