0.004 0
0.006 0
0.008 0
0.01 0
0.012 0
0.014 0
0.016 0
0.018 0
0.02 0
0.022 0
0.024 0
0.026 0
0.028 0
0.03 0
0.032 0
0.034 0
0.036 0
0.038 0
0.04 0
0.042 0
0.044 0
0.046 0
0.048 0
0.05 0
0.052 0
0.054 0
0.056 0
0.058 0
0.06 0
0.062 0
0.064 0
0.066 0
0.068 0
0.07 0
0.072 0
0.074 0
0.076 0
0.078 0
0.08 0
0.082 0
0.084 0
0.086 0
0.088 0
0.09 0
0.092 0
0.094 0
0.096 0
0.098 0
0.1 0
0.102 0
0.104 0
0.106 0
0.108 0
0.11 0
0.112 0
0.114 0
0.116 0
0.118 0
0.12 0
0.122 0
0.124 0
0.126 0
0.128 0
0.13 0
0.132 0
0.134 0
0.136 0
0.138 0
0.14 0
0.142 0
0.144 0
0.146 0
0.148 0
0.15 0
0.152 0
0.154 0
0.156 0
0.158 0
0.16 0
0.162 0
0.164 0
0.166 0
0.168 0
0.17 0
0.172 0
0.174 0
0.176 0
0.178 0
0.18 0
0.182 0
0.184 0
0.186 0
0.188 0
0.19 0
0.192 0
0.194 0
0.196 0
0.198 0
0.2 0
0.202 0
0.204 0
0.206 0
0.208 0
0.21 0
0.212 0
0.214 0
0.216 0
0.218 0
0.22 0
0.222 0
0.224 0
0.226 0
0.228 0
0.23 0
0.232 0
0.234 0
0.236 0
0.238 0
0.24 0
0.242 0
0.244 0
0.246 0
0.248 0
0.25 0
0.252 0
0.254 0
0.256 0
0.258 0
0.26 0
0.262 0
0.264 0
0.266 0
0.268 0
0.27 0
0.272 0
0.274 0
0.276 0
0.278 0
0.28 0
0.282 0
0.284 0
0.286 0
0.288 0
0.29 0
0.292 0
0.294 0
0.296 0
0.298 0
0.3 0
0.302 0
0.304 0.00281204
0.306 0.0062819
0.308 0.01450308
0.31 0.0287075
0.312 0.0507475
0.314 0.07101766
0.316 0.108578
0.318 0.14345202
0.32 0.1883296
0.322 0.236572
0.324 0.281678
0.326 0.341694
0.328 0.4317108
0.33 0.4838232
0.332 0.5771714
0.334 0.6747698
0.336 0.7917956
0.338 0.8804836
0.34 1.0268412
0.342 1.1311666
0.344 1.26881
0.346 1.41495
0.348 1.559154
0.35 1.734264
0.352 1.930956
0.354 2.127586
0.356 2.341254
0.358 2.530488
0.36 2.736564
0.362 2.953976
0.364 3.142864
0.366 3.341496
0.368 3.558784
0.37 3.785884
0.372 4.021812
0.374 4.318166
0.376 4.542934
0.378 4.812876
0.38 5.08813
0.382 5.315992
0.384 5.51305
0.386 5.789898
0.388 6.075928
0.39 6.328486
0.392 6.57202
0.394 6.804694
0.396 7.04461
0.398 7.24467
0.4 7.387776
0.402 7.590064
0.404 7.81321
0.406 7.975718
0.408 8.178624
0.41 8.317736
0.412 8.451356
0.414 8.596054
0.416 8.738154
0.418 8.871678
0.42 9.04432
0.422 9.199474
0.424 9.2999
0.426 9.344146
0.428 9.380278
0.43 9.364064
0.432 9.40126
0.434 9.428184
0.436 9.43075
0.438 9.414994
0.44 9.508628
0.442 9.487938
0.444 9.438832
0.446 9.460086
0.448 9.463134
0.45 9.363372
0.452 9.308034
0.454 9.25594
0.456 9.168328
0.458 9.099938
0.46 9.04561
0.462 9.039612
0.464 9.014588
0.466 8.974902
0.468 8.950394
0.47 8.952404
0.472 8.88431
0.474 8.80811
0.476 8.768982
0.478 8.724264
0.48 8.62496
0.482 8.528122
0.484 8.45213
0.486 8.366906
0.488 8.197534
0.49 8.081514
0.492 7.954386
0.494 7.819594
0.496 7.640766
0.498 7.473078
0.5 7.353576
0.502 7.1827
0.504 7.025388
0.506 6.869968
0.508 6.703084
0.51 6.489332
0.512 6.277868
0.514 6.111772
0.516 5.918066
0.518 5.752054
0.52 5.59425
0.522 5.437474
0.524 5.246078
0.526 5.09106
0.528 4.962876
0.53 4.809408
0.532 4.681744
0.534 4.55433
0.536 4.422044
0.538 4.269852
0.54 4.133564
0.542 4.020512
0.544 3.899908
0.546 3.775642
0.548 3.663734
0.55 3.535084
0.552 3.430196
0.554 3.29745
0.556 3.190798
0.558 3.063064
0.56 2.994132
0.562 2.877172
0.564 2.800362
0.566 2.723088
0.568 2.665128
0.57 2.573418
0.572 2.502116
0.574 2.439392
0.576 2.362304
0.578 2.281776
0.58 2.239768
0.582 2.19005
0.584 2.143418
0.586 2.078292
0.588 2.039202
0.59 1.99766
0.592 1.94179
0.594 1.892958
0.596 1.87339
0.598 1.849722
0.6 1.795662
0.602 1.768088
0.604 1.744776
0.606 1.718932
0.608 1.686978
0.61 1.666622
0.612 1.65751
0.614 1.634098
0.616 1.624636
0.618 1.618502
0.62 1.600634
0.622 1.588186
0.624 1.578594
0.626 1.566882
0.628 1.56297
0.63 1.568768
0.632 1.551672
0.634 1.531694
0.636 1.540584
0.638 1.531254
0.64 1.511478
0.642 1.520354
0.644 1.54069
0.646 1.547154
0.648 1.55031
0.65 1.571348
0.652 1.585136
0.654 1.604572
0.656 1.602694
0.658 1.616338
0.66 1.634008
0.662 1.640958
0.664 1.645064
0.666 1.67643
0.668 1.698872
0.67 1.721532
0.672 1.747494
0.674 1.763104
0.676 1.77518
0.678 1.806086
0.68 1.828978
0.682 1.859838
0.684 1.89173
0.686 1.924968
0.688 1.9311
0.69 1.956008
0.692 1.980674
0.694 2.014844
0.696 2.029864
0.698 2.074066
0.7 2.083962
0.702 2.097182
0.704 2.122512
0.706 2.163506
0.708 2.201
0.71 2.238842
0.712 2.264056
0.714 2.302436
0.716 2.315544
0.718 2.335468
0.72 2.36178
0.722 2.402262
0.724 2.42116
0.726 2.439014
0.728 2.440136
0.73 2.453338
0.732 2.449506
0.734 2.458984
0.736 2.484832
0.738 2.508138
0.74 2.54322
0.742 2.568188
0.744 2.595232
0.746 2.591684
0.748 2.613578
0.75 2.610634
0.752 2.632006
0.754 2.635266
0.756 2.67539
0.758 2.689186
0.76 2.716152
0.762 2.720446
0.764 2.716814
0.766 2.716886
0.768 2.723846
0.77 2.71509
0.772 2.73006
0.774 2.744172
0.776 2.749656
0.778 2.754788
0.78 2.78383
0.782 2.792882
0.784 2.806234
0.786 2.810408
0.788 2.806182
0.79 2.787674
0.792 2.795706
0.794 2.780872
0.796 2.782464
0.798 2.787828
0.8 2.802334
0.802 2.806624
0.804 2.83229
0.806 2.844628
0.808 2.873106
0.81 2.870052
0.812 2.890574
0.814 2.898574
0.816 2.908272
0.818 2.910442
0.82 2.93054
0.822 2.933386
0.824 2.950856
0.826 2.962142
0.828 2.98647
0.83 2.996452
0.832 3.01245
0.834 3.012504
0.836 3.027632
0.838 3.01453
0.84 3.01197
0.842 3.002062
0.844 2.99408
0.846 2.994942
0.848 2.98789
0.85 2.975144
0.852 2.943148
0.854 2.911624
0.856 2.861234
0.858 2.820618
0.86 2.783436
0.862 2.754466
0.864 2.730242
0.866 2.690916
0.868 2.661442
0.87 2.61936
0.872 2.58024
0.874 2.540348
0.876 2.518592
0.878 2.465456
0.88 2.429396
0.882 2.384328
0.884 2.356
0.886 2.307796
0.888 2.27892
0.89 2.241262
0.892 2.21876
0.894 2.16187
0.896 2.133706
0.898 2.09953
0.9 2.066912
0.902 2.032272
0.904 2.013282
0.906 1.974152
0.908 1.939208
0.91 1.9095
0.912 1.88438
0.914 1.852182
0.916 1.828202
0.918 1.798266
0.92 1.764348
0.922 1.726926
0.924 1.68703
0.926 1.65081
0.928 1.61876
0.93 1.595768
0.932 1.566768
0.934 1.546138
0.936 1.519
0.938 1.490406
0.94 1.466664
0.942 1.439032
0.944 1.413042
0.946 1.383636
0.948 1.368454
0.95 1.339556
0.952 1.324174
0.954 1.305958
0.956 1.291384
0.958 1.271082
0.96 1.254506
0.962 1.231752
0.964 1.220146
0.966 1.203412
0.968 1.18629
0.97 1.177226
0.972 1.159066
0.974 1.13936
0.976 1.131456
0.978 1.122994
0.98 1.115066
0.982 1.10665
0.984 1.093772
0.986 1.077904
0.988 1.065532
0.99 1.056128
0.992 1.046582
0.994 1.03564
0.996 1.026899
0.998 1.019031
1 0.9981772
1.002 0.9889592
1.004 0.9889198
1.006 0.9865598
1.008 0.9824054
1.01 0.983724
1.012 0.97737
1.014 0.9660264
1.016 0.96577
1.018 0.9655724
1.02 0.9779416
1.022 0.9822978
1.024 0.9945782
1.026 0.9961194
1.028 1.0044694
1.03 1.0039734
1.032 1.0124812
1.034 1.0198638
1.036 1.030928
1.038 1.035106
1.04 1.043538
1.042 1.054364
1.044 1.062706
1.046 1.069138
1.048 1.078612
1.05 1.089142
1.052 1.097492
1.054 1.109234
1.056 1.117866
1.058 1.122118
1.06 1.123196
1.062 1.14176
1.064 1.14309
1.066 1.152662
1.068 1.168072
1.07 1.177056
1.072 1.18902
1.074 1.202944
1.076 1.214406
1.078 1.221302
1.08 1.235414
1.082 1.228018
1.084 1.239234
1.086 1.253344
1.088 1.267102
1.09 1.281562
1.092 1.295812
1.094 1.314896
1.096 1.32348
1.098 1.336532
1.1 1.333352
1.102 1.348966
1.104 1.346408
1.106 1.348632
1.108 1.345646
1.11 1.353612
1.112 1.346916
1.114 1.356002
1.116 1.364754
1.118 1.372428
1.12 1.385342
1.122 1.399218
1.124 1.395186
1.126 1.3911
1.128 1.393672
1.13 1.395658
1.132 1.398062
1.134 1.400104
1.136 1.40361
1.138 1.408348
1.14 1.401468
1.142 1.399774
1.144 1.405902
1.146 1.407082
1.148 1.405336
1.15 1.403208
1.152 1.398334
1.154 1.396548
1.156 1.404974
1.158 1.40046
1.16 1.40552
1.162 1.403468
1.164 1.402732
1.166 1.391594
1.168 1.393666
1.17 1.390612
1.172 1.382414
1.174 1.377626
1.176 1.373792
1.178 1.366852
1.18 1.363572
1.182 1.359168
1.184 1.359226
1.186 1.355312
1.188 1.360838
1.19 1.357164
1.192 1.363268
1.194 1.356312
1.196 1.351932
1.198 1.335224
1.2 1.322842
1.202 1.312154
1.204 1.304464
1.206 1.30203
1.208 1.294636
1.21 1.291002
1.212 1.288384
1.214 1.282496
1.216 1.26889
1.218 1.269122
1.22 1.265254
1.222 1.260898
1.224 1.257704
1.226 1.254114
1.228 1.236416
1.23 1.232468
1.232 1.218846
1.234 1.2097
1.236 1.208404
1.238 1.208754
1.24 1.1927
1.242 1.186232
1.244 1.176012
1.246 1.161368
1.248 1.144828
1.25 1.146036
1.252 1.139454
1.254 1.132612
1.256 1.127474
1.258 1.129806
1.26 1.123576
1.262 1.119614
1.264 1.114448
1.266 1.113948
1.268 1.112926
1.27 1.106078
1.272 1.098814
1.274 1.09836
1.276 1.091986
1.278 1.08722
1.28 1.091292
1.282 1.09455
1.284 1.09279
1.286 1.096448
1.288 1.104678
1.29 1.100302
1.292 1.105894
1.294 1.109668
1.296 1.110648
1.298 1.105988
1.3 1.106462
1.302 1.104198
1.304 1.101944
1.306 1.105128
1.308 1.10046
1.31 1.093362
1.312 1.089252
1.314 1.087846
1.316 1.075606
1.318 1.080742
1.32 1.081026
1.322 1.07667
1.324 1.073266
1.326 1.07816
1.328 1.074468
1.33 1.079138
1.332 1.08506
1.334 1.091838
1.336 1.094724
1.338 1.099752
1.34 1.10921
1.342 1.116496
1.344 1.116238
1.346 1.125676
1.348 1.126442
1.35 1.12141
1.352 1.119836
1.354 1.124438
1.356 1.111764
1.358 1.108382
1.36 1.110322
1.362 1.113312
1.364 1.102066
1.366 1.107432
1.368 1.109694
1.37 1.109064
1.372 1.100474
1.374 1.103794
1.376 1.10285
1.378 1.1002
1.38 1.096238
1.382 1.097792
1.384 1.100608
1.386 1.093352
1.388 1.088898
1.39 1.087776
1.392 1.088296
1.394 1.08784
1.396 1.087984
1.398 1.088334
1.4 1.088952
1.402 1.088902
1.404 1.088674
1.406 1.097544
1.408 1.101594
1.41 1.100566
1.412 1.105516
1.414 1.108188
1.416 1.110658
1.418 1.113268
1.42 1.12293
1.422 1.127096
1.424 1.136082
1.426 1.136354
1.428 1.144772
1.43 1.14977
1.432 1.154544
1.434 1.159904
1.436 1.171212
1.438 1.18271
1.44 1.192058
1.442 1.199966
1.444 1.207082
1.446 1.217786
1.448 1.225878
1.45 1.239238
1.452 1.257348
1.454 1.268784
1.456 1.285536
1.458 1.296726
1.46 1.307804
1.462 1.314986
1.464 1.327896
1.466 1.334916
1.468 1.346894
1.47 1.358898
1.472 1.370198
1.474 1.383822
1.476 1.394742
1.478 1.403054
1.48 1.41784
1.482 1.431858
1.484 1.44389
1.486 1.457194
1.488 1.47431
1.49 1.487014
1.492 1.497796
1.494 1.516516
1.496 1.538186
1.498 1.561326
1.5 1.595618
1.502 1.628684
1.504 1.659062
1.506 1.688616
1.508 1.720638
1.51 1.743168
1.512 1.77113
1.514 1.793182
1.516 1.81501
1.518 1.826204
1.52 1.830412
1.522 1.830456
1.524 1.81969
1.526 1.796726
1.528 1.774782
1.53 1.741748
1.532 1.70833
1.534 1.675958
1.536 1.644456
1.538 1.60425
1.54 1.571894
1.542 1.529902
1.544 1.490404
1.546 1.454816
1.548 1.426338
1.55 1.400702
1.552 1.387328
1.554 1.3784
1.556 1.367596
1.558 1.365646
1.56 1.364304
1.562 1.357014
1.564 1.35677
1.566 1.36003
1.568 1.363508
1.57 1.36174
1.572 1.370562
1.574 1.368356
1.576 1.367784
1.578 1.367398
1.58 1.37265
1.582 1.36515
1.584 1.362224
1.586 1.36442
1.588 1.353988
1.59 1.349004
1.592 1.343622
1.594 1.339414
1.596 1.329662
1.598 1.325534
1.6 1.317782
1.602 1.319482
1.604 1.318474
1.606 1.318174
1.608 1.320098
1.61 1.317334
1.612 1.318404
1.614 1.314596
1.616 1.315188
1.618 1.308658
1.62 1.306412
1.622 1.295478
1.624 1.29018
1.626 1.28557
1.628 1.289804
1.63 1.29026
1.632 1.293864
1.634 1.297846
1.636 1.293128
1.638 1.288208
1.64 1.284002
1.642 1.284988
1.644 1.27924
1.646 1.284266
1.648 1.284916
1.65 1.289444
1.652 1.28692
1.654 1.29043
1.656 1.288774
1.658 1.286986
1.66 1.28243
1.662 1.279746
1.664 1.28152
1.666 1.279448
1.668 1.284492
1.67 1.291146
1.672 1.293776
1.674 1.30091
1.676 1.30556
1.678 1.30364
1.68 1.29941
1.682 1.300274
1.684 1.294892
1.686 1.295972
1.688 1.29533
1.69 1.301084
1.692 1.304318
1.694 1.30941
1.696 1.312206
1.698 1.317182
1.7 1.317936
1.702 1.32045
1.704 1.32128
1.706 1.320766
1.708 1.327744
1.71 1.328988
1.712 1.33386
1.714 1.33505
1.716 1.340804
1.718 1.339804
1.72 1.34578
1.722 1.338274
1.724 1.334302
1.726 1.321614
1.728 1.316606
1.73 1.306306
1.732 1.30676
1.734 1.304786
1.736 1.309212
1.738 1.307062
1.74 1.31052
1.742 1.309234
1.744 1.309548
1.746 1.308156
1.748 1.30571
1.75 1.299148
1.752 1.29438
1.754 1.292646
1.756 1.291488
1.758 1.293264
1.76 1.289124
1.762 1.294596
1.764 1.296808
1.766 1.301342
1.768 1.303166
1.77 1.30928
1.772 1.310754
1.774 1.314824
1.776 1.309494
1.778 1.31284
1.78 1.316452
1.782 1.314572
1.784 1.307768
1.786 1.3126
1.788 1.307934
1.79 1.305278
1.792 1.302662
1.794 1.301344
1.796 1.297208
1.798 1.295042
1.8 1.295782
1.802 1.294132
1.804 1.292432
1.806 1.291552
1.808 1.288014
1.81 1.282752
1.812 1.280406
1.814 1.276266
1.816 1.27348
1.818 1.26841
1.82 1.262182
1.822 1.258364
1.824 1.257706
1.826 1.25126
1.828 1.242856
1.83 1.239048
1.832 1.233152
1.834 1.226794
1.836 1.222208
1.838 1.220652
1.84 1.213848
1.842 1.209086
1.844 1.203884
1.846 1.200312
1.848 1.20117
1.85 1.200598
1.852 1.194698
1.854 1.186912
1.856 1.175618
1.858 1.165338
1.86 1.154894
1.862 1.149534
1.864 1.147402
1.866 1.148658
1.868 1.147098
1.87 1.148782
1.872 1.147064
1.874 1.141352
1.876 1.135452
1.878 1.126224
1.88 1.121088
1.882 1.116406
1.884 1.112006
1.886 1.108606
1.888 1.10845

